eval_accuracy = 0.9611052631578947
eval_loss = 0.10753006787990269
global_step = 35000
loss = 0.07945780831085784
