accuracy = 0.875751503006012
f1 = 0.8755711068211068
matthews_correlation = 0.7566882710757205
precision = 0.879971798113391
recall = 0.8767234452836252
